5 6 8 -10 8 54
2
-1 0 4
5 6 8 -10 8 54
2
-1 0 45 6 8 -10 8 54
      2
      -1 0 4
      5 6 8 -10 8 54
      2
      -1 0
      5 6 8 -10 8 54
      2
      -1 0 4
      5 6 8 -10 8 54
      2
      -1 0 4
      5 6 8 -10 8 54
      2
      -1 0 4
      5 6 8 -10 8 54
      2
      -1 0 4
      5 6 8 -10 8 54
      2
      -1 0 4
      5 6 8 -10 8 54
      2
      -1 0 4
      5 6 8 -10 8 54
      2
      -1 0 4
      5 6 8 -10 8 54
      2
      -1 0 4
      5 6 8 -10 8 54
      2
      -1 0 4
      5 6 8 -10 8 54
      2
      -1 0 4
            5 6 8 -10 8 54
            2
            -1 0
            5 6 8 -10 8 54
            2
            -1 0 4
            5 6 8 -10 8 54
            2
            -1 0 4
            5 6 8 -10 8 54
            2
            -1 0 4
            5 6 8 -10 8 54
            2
            -1 0 4
            5 6 8 -10 8 54
            2
            -1 0 4
            5 6 8 -10 8 54
            2
            -1 0 4
            5 6 8 -10 8 54
            2
            -1 0 4
            5 6 8 -10 8 54
            2      5 6 8 -10 8 54
                   2
                   -1 0
                   5 6 8 -10 8 54
                   2
                   -1 0 4
                   5 6 8 -10 8 54
                   2
                   -1 0 4
                   5 6 8 -10 8 54
                   2
                   -1 0 4
                   5 6 8 -10 8 54
                   2
                   -1 0 4
                   5 6 8 -10 8 54
                   2
                   -1 0 4
                   5 6 8 -10 8 54
                   2
                   -1 0 4
                   5 6 8 -10 8 54
                   2
                   -1 0 4
                   5 6 8 -10 8 54
                   2      5 6 8 -10 8 54
                          2
                          -1 0
                          5 6 8 -10 8 54
                          2
                          -1 0 4
                          5 6 8 -10 8 54
                          2
                          -1 0 4
                          5 6 8 -10 8 54
                          2
                          -1 0 4
                          5 6 8 -10 8 54
                          2
                          -1 0 4
                          5 6 8 -10 8 54
                          2
                          -1 0 4
                          5 6 8 -10 8 54
                          2
                          -1 0 4
                          5 6 8 -10 8 54
                          2
                          -1 0 4
                          5 6 8 -10 8 54
                          2      5 6 8 -10 8 54
                                 2
                                 -1 0
                                 5 6 8 -10 8 54
                                 2
                                 -1 0 4
                                 5 6 8 -10 8 54
                                 2
                                 -1 0 4
                                 5 6 8 -10 8 54
                                 2
                                 -1 0 4
                                 5 6 8 -10 8 54
                                 2
                                 -1 0 4
                                 5 6 8 -10 8 54
                                 2
                                 -1 0 4
                                 5 6 8 -10 8 54
                                 2
                                 -1 0 4
                                 5 6 8 -10 8 54
                                 2
                                 -1 0 4
                                 5 6 8 -10 8 54
                                 2      5 6 8 -10 8 54
                                        2
                                        -1 0
                                        5 6 8 -10 8 54
                                        2
                                        -1 0 4
                                        5 6 8 -10 8 54
                                        2
                                        -1 0 4
                                        5 6 8 -10 8 54
                                        2
                                        -1 0 4
                                        5 6 8 -10 8 54
                                        2
                                        -1 0 4
                                        5 6 8 -10 8 54
                                        2
                                        -1 0 4
                                        5 6 8 -10 8 54
                                        2
                                        -1 0 4
                                        5 6 8 -10 8 54
                                        2
                                        -1 0 4
                                        5 6 8 -10 8 54
                                        2



